0
0
0
0
0
0
0
0
0
0
0
0
0
0
0
0
0
0
0
0
0
0
0
0
0
1
7
19
29
59
97
137
182
222
299
421
500
614
759
942
1067
1255
1443
1645
1758
1889
1994
2093
2027
2109
2072
2039
1971
1809
1727
1668
1578
1467
1280
1232
1221
1002
932
975
880
897
787
797
772
779
850
818
836
782
883
908
863
861
946
974
902
911
871
933
928
973
1004
1019
1057
1139
1124
1183
1222
1321
1400
1541
1618
1805
1886
2076
1899
1930
1958
1834
1757
1737
1605
1508
1439
1357
1363
1346
1345
1450
1367
1344
1386
1453
1567
1568
1604
1783
1810
1898
2039
2134
2305
2317
2383
2517
2298
2303
2257
2079
1985
1819
1937
1900
2032
2136
2254
2319
2321
2451
2458
2412
2234
2314
2281
2188
2274
2321
2389
2598
2683
2747
2700
2554
2400
2266
2038
1861
1776
1621
1464
1423
1352
1231
1254
1195
1168
1212
1342
1265
1227
1165
1178
1227
1085
944
908
817
785
687
613
625
645
681
634
661
739
798
828
942
904
978
919
909
842
826
866
901
836
890
907
969
976
1066
1041
1068
957
982
954
866
695
543
492
391
382
283
230
234
195
188
125
77
74
59
51
22
19
9
7
6
8
1
0
0
1
0
0
0
2
0
1
1
0
0
0
0
0
0
0
0
0
0